66	67	68	71	72	69	(1)
72	75	78	79	79	(1)
38	40	41	42	44	47	48	52	(1)
86	87	88	91	96	(1)
7	10	13	14	16	19	18	22	(1)
47	50	53	53	54	56	57	60	(1)
78	81	82	85	90	87	(1)
8	8	10	11	14	17	(1)
69	73	75	77	78	81	83	86	(1)
18	22	20	21	24	26	(1)
22	29	31	34	37	(1)
34	40	37	38	40	42	44	(1)
67	64	62	60	57	55	53	55	(1)
70	69	66	63	60	58	55	55	(1)
48	45	43	42	41	37	(1)
62	60	59	58	53	(1)
33	30	27	24	21	18	18	17	(1)
31	28	26	25	23	20	14	17	(1)
39	39	36	33	31	(1)
18	14	11	9	6	(1)
91	87	90	89	88	85	83	(1)
51	45	42	40	38	(1)
10	11	12	13	15	16	14	(1)
49	50	51	53	56	58	60	60	(1)
20	21	22	25	27	30	34	(1)
70	71	74	77	78	80	86	(1)
91	92	95	95	98	(1)
61	59	63	65	67	(1)
12	12	15	16	19	21	(1)
75	79	81	84	87	89	(1)
84	89	91	93	94	95	(1)
84	83	81	79	76	78	(1)
61	58	55	54	54	(1)
77	75	73	70	67	63	(1)
86	85	84	83	80	77	76	70	(1)
44	41	42	39	38	37	35	(1)
84	81	81	78	76	74	(1)
17	16	14	9	11	(1)
45	46	45	48	51	(1)
45	48	44	41	40	(1)
86	86	85	83	82	(1)
75	71	69	68	65	(1)
36	31	28	27	26	23	21	20	(1)
47	53	55	56	59	60	63	65	(1)
69	62	59	57	54	(1)
32	34	34	37	39	41	42	43	(1)
59	60	56	53	51	(1)
29	30	32	33	35	35	(1)
7	8	11	13	16	22	(1)
51	47	44	41	40	37	(1)
81	78	76	73	75	72	(1)
79	80	83	82	83	86	88	(1)
53	55	56	59	62	66	(1)
82	85	88	90	92	90	(1)
34	32	37	38	40	43	45	46	(1)
50	50	51	54	56	57	59	(1)
21	20	19	18	16	13	12	5	(1)
13	12	11	9	8	8	(1)
85	82	80	77	74	71	68	(1)
80	81	82	84	86	88	(1)
17	19	20	21	23	24	25	(1)
85	83	81	80	78	(1)
50	47	46	44	42	(1)
71	69	66	65	63	62	(1)
80	78	75	73	70	(1)
28	29	32	33	34	36	(1)
36	33	30	28	25	22	20	(1)
66	68	70	71	74	75	(1)
36	33	32	30	29	27	26	23	(1)
67	66	64	62	61	59	58	55	(1)
45	43	40	39	36	34	31	30	(1)
25	23	20	19	16	15	14	(1)
67	65	63	60	59	58	(1)
3	6	9	10	12	15	17	20	(1)
45	42	40	38	37	34	(1)
67	69	72	74	77	80	81	84	(1)
86	84	82	80	77	(1)
13	11	10	7	6	4	2	(1)
18	20	21	23	26	28	31	(1)
79	80	83	85	88	89	92	95	(1)
70	72	74	76	77	78	81	82	(1)
43	45	48	51	52	(1)
66	63	62	61	60	57	55	(1)
15	12	11	8	5	(1)
86	83	82	81	78	(1)
75	78	81	82	85	(1)
28	29	32	33	36	38	(1)
72	75	78	80	81	83	86	88	(1)
23	21	18	16	14	(1)
98	96	94	93	90	(1)
76	75	74	71	69	68	65	62	(1)
66	65	64	61	60	57	54	53	(1)
73	71	70	67	66	65	62	59	(1)
41	44	45	48	50	53	(1)
27	24	23	22	19	(1)
17	14	13	12	10	9	6	5	(1)
36	33	30	28	26	24	21	(1)
94	92	89	88	85	(1)
50	53	55	57	60	61	(1)
62	65	66	69	70	73	(1)
47	46	44	41	38	35	34	31	(1)
48	51	53	54	55	56	59	(1)
78	79	80	81	82	85	87	89	(1)
51	54	56	58	61	64	65	(1)
50	52	53	54	55	58	61	62	(1)
76	75	74	71	69	66	64	(1)
61	64	67	69	70	72	73	(1)
75	74	72	71	70	67	(1)
38	39	41	42	43	45	46	(1)
76	79	81	84	85	86	89	91	(1)
59	58	57	56	55	54	51	50	(1)
88	85	84	82	81	80	79	76	(1)
15	12	9	8	7	4	1	(1)
37	36	34	33	31	30	29	(1)
66	69	72	74	77	78	79	81	(1)
54	51	49	46	44	(1)
65	63	60	59	58	(1)
31	33	34	36	39	40	(1)
7	10	11	13	15	18	21	(1)
17	19	21	23	24	27	29	30	(1)
33	30	27	24	23	22	20	18	(1)
47	46	45	44	42	39	36	35	(1)
45	42	40	38	37	(1)
31	33	34	37	40	41	42	44	(1)
95	93	90	89	86	84	82	(1)
53	50	49	47	45	43	41	39	(1)
38	37	34	31	30	27	26	(1)
48	50	52	53	54	(1)
9	10	12	13	16	17	18	19	(1)
75	77	80	83	85	(1)
39	40	43	45	48	49	(1)
89	90	92	94	95	98	99	(1)
78	77	76	74	73	71	(1)
32	35	36	38	39	42	(1)
95	94	93	90	89	86	83	82	(1)
63	62	59	57	54	52	49	46	(1)
45	46	47	49	52	54	(1)
86	85	84	83	80	77	(1)
61	58	56	54	53	(1)
42	40	38	35	32	30	(1)
86	87	90	91	93	94	96	99	(1)
45	48	51	53	56	(1)
49	50	51	53	55	57	(1)
16	15	13	10	8	7	6	(1)
37	40	41	43	46	(1)
83	82	79	76	75	(1)
9	12	15	18	20	(1)
31	30	29	27	24	22	(1)
30	33	35	37	39	41	43	(1)
25	22	20	19	16	15	13	12	(1)
53	51	48	45	42	39	37	(1)
30	29	27	26	25	23	20	18	(1)
36	38	41	42	43	44	46	49	(1)
22	21	18	15	14	11	9	(1)
46	47	48	51	54	(1)
39	41	44	45	47	49	51	(1)
52	50	48	45	42	41	(1)
38	39	42	45	48	50	53	56	(1)
50	51	53	56	58	59	(1)
86	85	83	80	78	76	75	73	(1)
59	58	57	54	51	(1)
22	24	25	27	29	30	32	35	(1)
11	13	15	16	19	21	(1)
36	33	31	29	28	27	25	22	(1)
43	42	39	37	35	33	31	30	(1)
69	67	66	64	61	(1)
80	77	75	72	70	68	67	(1)
55	57	60	63	66	68	(1)
80	77	76	73	72	(1)
19	17	15	14	13	(1)
50	48	45	44	42	(1)
6	7	10	13	14	(1)
50	52	55	57	60	(1)
67	64	62	60	59	56	54	52	(1)
25	28	30	32	35	(1)
80	77	76	73	72	70	69	(1)
36	35	32	29	28	27	26	25	(1)
64	62	61	60	57	54	(1)
76	78	79	81	84	87	90	91	(1)
69	71	72	75	78	(1)
22	19	16	15	13	12	11	(1)
95	92	91	88	86	84	81	(1)
76	79	80	82	83	86	88	89	(1)
25	26	28	29	30	32	(1)
4	7	10	12	15	(1)
70	71	74	77	78	81	(1)
27	29	32	35	38	41	44	46	(1)
73	72	69	66	64	(1)
17	14	13	10	7	5	(1)
47	44	42	40	37	36	(1)
28	30	32	33	34	37	39	41	(1)
86	88	89	90	93	(1)
79	78	76	74	71	(1)
44	46	47	48	51	53	54	(1)
82	84	87	88	91	92	95	96	(1)
24	22	21	18	16	14	(1)
48	47	46	45	42	(1)
73	76	77	80	81	(1)
29	28	27	26	24	(1)
59	56	54	52	49	47	(1)
43	45	46	49	51	53	56	59	(1)
25	24	23	21	18	16	13	12	(1)
60	59	57	54	52	50	(1)
23	20	18	15	14	12	(1)
53	55	56	58	59	60	(1)
86	89	92	94	96	(1)
21	20	18	16	14	11	(1)
61	63	66	68	70	71	73	(1)
49	46	45	42	40	38	37	(1)
9	11	14	16	19	20	(1)
41	39	36	33	30	28	25	23	(1)
52	54	55	56	57	58	59	62	(1)
20	18	15	13	11	10	(1)
62	60	57	56	53	52	50	49	(1)
69	72	75	77	79	81	(1)
80	81	84	87	90	92	93	(1)
34	32	31	28	26	24	22	(1)
21	20	18	15	14	11	9	6	(1)
89	87	86	83	80	79	77	74	(1)
29	32	33	34	35	37	38	(1)
29	27	26	24	21	18	(1)
38	41	42	45	46	49	50	(1)
63	64	67	69	71	73	74	(1)
40	42	45	48	49	(1)
17	18	19	21	22	23	(1)
5	6	9	10	13	15	17	(1)
44	47	50	52	55	58	60	62	(1)
28	25	24	21	18	16	15	(1)
39	38	36	35	34	33	31	(1)
78	76	75	74	73	70	(1)
69	68	65	64	63	(1)
80	82	83	85	88	91	94	96	(1)
76	74	71	70	69	68	(1)
81	84	86	88	89	(1)
40	42	44	45	46	48	51	53	(1)
50	51	52	54	55	57	(1)
57	60	62	63	65	67	70	(1)
46	45	42	39	37	36	(1)
72	71	70	68	66	(1)
37	40	42	45	47	(1)
53	56	58	59	62	(1)
87	85	84	82	79	77	75	72	(1)
82	81	80	77	74	71	70	(1)
28	30	31	32	33	(1)
37	36	33	30	27	26	24	22	(1)
60	59	58	56	54	(1)
86	85	83	80	78	75	72	71	(1)
20	21	22	25	27	(1)
39	41	43	44	47	48	49	50	(1)
33	32	29	27	26	23	20	18	(1)
40	37	36	33	31	30	(1)
23	25	28	30	32	35	(1)
82	81	79	76	75	73	71	68	(1)
79	77	76	75	73	72	70	69	(1)
82	85	86	89	91	94	97	(1)
87	88	90	91	93	(1)
14	17	19	20	22	25	26	27	(1)
82	79	76	75	72	70	68	(1)
88	87	84	81	79	77	(1)
15	13	12	10	9	8	7	(1)
1	2	5	6	9	11	(1)
20	18	15	14	12	11	9	6	(1)
11	9	6	3	1	(1)
66	65	63	60	57	54	(1)
64	63	62	61	58	57	(1)
79	77	75	74	72	(1)
62	60	59	58	57	54	53	(1)
17	16	13	10	8	(1)
59	62	64	65	68	69	(1)
82	80	79	77	74	72	(1)
16	13	11	8	7	4	(1)
17	14	12	9	7	4	(1)
46	45	43	40	39	36	33	(1)
85	86	87	89	92	94	96	99	(1)
50	52	55	57	60	62	(1)
64	65	67	68	70	73	76	79	(1)
54	53	51	49	47	44	42	39	(1)
29	30	31	34	35	36	38	(1)
40	37	34	33	31	30	27	24	(1)
68	70	71	74	76	77	78	(1)
62	61	59	58	57	56	55	52	(1)
4	5	8	9	12	13	(1)
89	86	85	82	80	79	(1)
5	8	9	10	13	14	17	(1)
84	82	81	78	76	73	71	(1)
84	86	87	90	93	96	97	(1)
32	31	29	28	26	23	(1)
17	19	21	23	26	29	31	(1)
62	65	66	67	69	72	(1)
43	45	47	48	50	52	55	(1)
36	35	34	33	31	29	27	(1)
18	15	14	13	11	(1)
36	35	32	30	27	(1)
13	16	17	19	20	21	23	(1)
98	97	95	93	90	87	86	(1)
95	93	91	90	88	85	82	(1)
28	26	24	21	19	18	16	13	(1)
61	58	57	54	53	51	49	47	(1)
81	84	86	88	90	92	93	(1)
45	46	49	50	51	(1)
48	51	53	54	56	57	58	60	(1)
73	70	69	68	66	64	(1)
75	72	70	67	65	64	62	(1)
50	48	45	42	41	38	37	36	(1)
44	42	39	37	34	32	(1)
46	45	44	42	40	(1)
51	48	46	44	41	39	37	(1)
19	18	16	15	12	11	(1)
39	40	42	45	46	(1)
76	77	78	81	82	83	86	87	(1)
90	89	88	85	83	82	81	79	(1)
72	74	76	78	79	80	(1)
65	66	67	68	70	72	(1)
49	51	54	56	59	62	63	(1)
37	35	32	30	28	25	24	22	(1)
90	87	86	84	82	(1)
61	64	65	67	68	71	74	77	(1)
1	3	4	7	10	(1)
61	60	59	58	57	55	54	52	(1)
6	8	9	11	13	14	17	19	(1)
56	57	58	59	61	63	(1)
58	60	63	66	67	(1)
22	20	17	16	15	14	13	10	(1)
66	63	62	60	57	56	55	53	(1)
61	64	67	70	71	74	77	(1)
88	86	84	82	80	78	77	75	(1)
6	9	11	14	16	(1)
75	76	79	82	83	85	86	(1)
78	79	80	81	84	85	(1)
14	11	8	5	2	1	(1)
24	27	30	31	32	35	(1)
85	84	83	80	77	(1)
68	71	74	76	79	81	82	85	(1)
21	19	17	16	14	11	9	(1)
93	92	90	87	85	(1)
80	78	76	75	72	69	(1)
84	87	88	90	93	94	97	(1)
54	53	50	49	48	45	(1)
41	42	44	45	47	(1)
24	26	29	32	35	38	39	41	(1)
54	52	49	47	44	42	41	40	(1)
39	42	43	44	45	48	50	(1)
82	81	79	76	73	71	(1)
70	67	65	64	63	61	(1)
57	56	53	51	49	46	(1)
74	76	79	81	83	85	87	90	(1)
56	59	61	64	67	70	71	(1)
31	29	28	27	24	23	(1)
59	57	55	52	50	(1)
82	85	88	91	94	95	97	(1)
60	58	55	53	51	(1)
57	58	60	63	65	68	(1)
41	44	46	48	50	51	53	(1)
44	46	47	50	53	(1)
33	34	36	38	41	42	44	(1)
18	20	22	23	26	28	29	(1)
51	48	47	45	44	42	(1)
23	21	19	17	14	12	(1)
58	56	53	52	49	47	46	44	(1)
98	96	95	94	91	(1)
80	78	76	75	73	(1)
58	61	63	64	66	(1)
83	85	87	88	89	(1)
23	21	19	17	15	14	12	9	(1)
60	62	63	64	65	68	(1)
42	41	38	37	36	33	(1)
93	92	90	88	87	86	84	82	(1)
31	32	34	36	39	42	(1)
8	10	12	13	16	17	18	19	(1)
14	17	18	20	23	24	(1)
8	11	13	14	17	18	21	(1)
69	68	66	63	61	58	55	(1)
90	87	85	82	80	79	(1)
38	35	32	30	28	(1)
18	20	23	26	28	29	30	(1)
17	16	13	10	8	7	5	(1)
83	82	80	77	75	72	69	66	(1)
87	88	89	92	94	(1)
69	71	72	74	76	78	81	82	(1)
49	46	43	40	37	34	33	(1)
30	28	26	24	23	20	(1)
44	43	40	39	37	34	33	31	(1)
21	23	26	29	32	33	34	36	(1)
61	59	58	56	54	52	50	48	(1)
53	50	49	48	45	42	(1)
63	66	68	71	73	76	(1)
57	55	53	50	49	(1)
54	57	60	62	65	(1)
21	22	25	27	29	30	(1)
12	14	15	18	20	21	22	23	(1)
68	71	73	74	76	77	80	(1)
15	13	12	9	6	5	2	(1)
35	37	40	41	42	45	46	(1)
56	55	53	52	50	(1)
38	39	42	43	44	(1)
48	46	45	43	42	(1)
95	92	91	88	86	84	83	80	(1)
48	51	52	55	58	(1)
40	42	44	46	49	51	(1)
